 TITLE = "FEWG 2D TRIANGULER MESH"
 VARIABLES = "x", "y","u_cal","u_ture"
 ZONE T="REFINED MESHES"   N=         289 E=         512    F=FEPOINT
    ET=TRIANGLE
  0.000000000000000E+000   1.00000000000000       0.000000000000000E+000
  0.000000000000000E+000
  6.249999627470970E-002   1.00000000000000       0.000000000000000E+000
  0.000000000000000E+000
  0.124999992549419        1.00000000000000       0.000000000000000E+000
  0.000000000000000E+000
  0.187499985098839        1.00000000000000       0.000000000000000E+000
  0.000000000000000E+000
  0.249999985098839        1.00000000000000       0.000000000000000E+000
  0.000000000000000E+000
  0.312499970197678        1.00000000000000       0.000000000000000E+000
  0.000000000000000E+000
  0.374999970197678        1.00000000000000       0.000000000000000E+000
  0.000000000000000E+000
  0.437499970197678        1.00000000000000       0.000000000000000E+000
  0.000000000000000E+000
  0.499999970197678        1.00000000000000       0.000000000000000E+000
  0.000000000000000E+000
  0.562499940395355        1.00000000000000       0.000000000000000E+000
  0.000000000000000E+000
  0.624999940395355        1.00000000000000       0.000000000000000E+000
  0.000000000000000E+000
  0.687499940395355        1.00000000000000       0.000000000000000E+000
  0.000000000000000E+000
  0.749999940395355        1.00000000000000       0.000000000000000E+000
  0.000000000000000E+000
  0.812499940395355        1.00000000000000       0.000000000000000E+000
  0.000000000000000E+000
  0.874999940395355        1.00000000000000       0.000000000000000E+000
  0.000000000000000E+000
  0.937499940395355        1.00000000000000       0.000000000000000E+000
  0.000000000000000E+000
   1.00000000000000        1.00000000000000       0.000000000000000E+000
  0.000000000000000E+000
  0.000000000000000E+000  0.937500000000000       0.000000000000000E+000
  0.000000000000000E+000
  6.249999627470970E-002  0.937500000000000       2.505044023446245E-005
  1.178705002352623E-005
  0.124999992549419       0.937500000000000       6.164226902442202E-005
  4.107132134389963E-005
  0.187499985098839       0.937500000000000       1.091793407684432E-004
  7.968045728223855E-005
  0.249999985098839       0.937500000000000       1.586226208331837E-004
  1.206993960778390E-004
  0.312499970197678       0.937500000000000       2.034857886375326E-004
  1.584703403501022E-004
  0.374999970197678       0.937500000000000       2.386221766251299E-004
  1.885928093692245E-004
  0.437499970197678       0.937500000000000       2.603680615262384E-004
  2.079235792540309E-004
  0.499999970197678       0.937500000000000       2.665799759646647E-004
  2.145767211914047E-004
  0.562499940395355       0.937500000000000       2.566576097328178E-004
  2.079235981389202E-004
  0.624999940395355       0.937500000000000       2.315529951880949E-004
  1.885928453404468E-004
  0.687499940395355       0.937500000000000       1.937664910401880E-004
  1.584703898105353E-004
  0.749999940395355       0.937500000000000       1.473294794264323E-004
  1.206994440394722E-004
  0.812499940395355       0.937500000000000       9.776182195774742E-005
  7.968050599327474E-005
  0.874999940395355       0.937500000000000       5.198632749934769E-005
  4.107135911369106E-005
  0.937499940395355       0.937500000000000       1.810215311901719E-005
  1.178707231820022E-005
  0.999999940395355       0.937500000000000       1.219727298643355E-017
  1.219727298643355E-017
  0.000000000000000E+000  0.875000000000000       0.000000000000000E+000
  0.000000000000000E+000
  6.249999627470970E-002  0.875000000000000       6.164225881346002E-005
  4.107132097086473E-005
  0.124999992549419       0.875000000000000       1.816652007863314E-004
  1.431107374827436E-004
  0.187499985098839       0.875000000000000       3.345734411731019E-004
  2.776421267078890E-004
  0.249999985098839       0.875000000000000       4.945965752785565E-004
  4.205703401112256E-004
  0.312499970197678       0.875000000000000       6.405439688976737E-004
  5.521810970421340E-004
  0.374999970197678       0.875000000000000       7.558585693853369E-004
  6.571411668687644E-004
  0.437499970197678       0.875000000000000       8.286907258797645E-004
  7.244981606007122E-004
  0.499999970197678       0.875000000000000       8.519890710536980E-004
  7.476806640624947E-004
  0.562499940395355       0.875000000000000       8.235522557690118E-004
  7.244982264040597E-004
  0.624999940395355       0.875000000000000       7.460499933098835E-004
  6.571412922084901E-004
  0.687499940395355       0.875000000000000       6.270094394748648E-004
  5.521812693842653E-004
  0.749999940395355       0.875000000000000       4.787647833826363E-004
  4.205705072308721E-004
  0.812499940395355       0.875000000000000       3.183561344968069E-004
  2.776422964387884E-004
  0.874999940395355       0.875000000000000       1.673345612163201E-004
  1.431108690894835E-004
  0.937499940395355       0.875000000000000       5.198639435558250E-005
  4.107139865541767E-005
   1.00000000000000       0.875000000000000       0.000000000000000E+000
  0.000000000000000E+000
  0.000000000000000E+000  0.812500000000000       0.000000000000000E+000
  0.000000000000000E+000
  6.249999627470970E-002  0.812500000000000       1.091793148940600E-004
  7.968045815903732E-005
  0.124999992549419       0.812500000000000       3.345734274954952E-004
  2.776421322847616E-004
  0.187499985098839       0.812500000000000       6.226025679771902E-004
  5.386398912279326E-004
  0.249999985098839       0.812500000000000       9.245532514721879E-004
  8.159279174861917E-004
  0.312499970197678       0.812500000000000       1.200452463971446E-003
  1.071259500766691E-003
  0.374999970197678       0.812500000000000       1.419030337168497E-003
  1.274887391335957E-003
  0.437499970197678       0.812500000000000       1.557904059223575E-003
  1.405563395757249E-003
  0.499999970197678       0.812500000000000       1.603698923044650E-003
  1.450538635253896E-003
  0.562499940395355       0.812500000000000       1.552123930635556E-003
  1.405563523419101E-003
  0.624999940395355       0.812500000000000       1.408001401893680E-003
  1.274887634501420E-003
  0.687499940395355       0.812500000000000       1.185242248733516E-003
  1.071259835119219E-003
  0.749999940395355       0.812500000000000       9.067636773390694E-004
  8.159282417068322E-004
  0.812499940395355       0.812500000000000       6.043454282165614E-004
  5.386402205145372E-004
  0.874999940395355       0.812500000000000       3.183562461480703E-004
  2.776423876085516E-004
  0.937499940395355       0.812500000000000       9.776196332341846E-005
  7.968060887103352E-005
  0.999999940395355       0.812500000000000       8.245356538829079E-017
  8.245356538829079E-017
  0.000000000000000E+000  0.750000000000000       0.000000000000000E+000
  0.000000000000000E+000
  6.249999627470970E-002  0.750000000000000       1.586225485979984E-004
  1.206993922409086E-004
  0.124999992549419       0.750000000000000       4.945964525884265E-004
  4.205703305615322E-004
  0.187499985098839       0.750000000000000       9.245530661565059E-004
  8.159278825701228E-004
  0.249999985098839       0.750000000000000       1.375817335740180E-003
  1.235961815837071E-003
  0.312499970197678       0.750000000000000       1.788550895230220E-003
  1.622736285185047E-003
  0.374999970197678       0.750000000000000       2.115996004104014E-003
  1.931190367940859E-003
  0.437499970197678       0.750000000000000       2.324669989614752E-003
  2.129137451561277E-003
  0.499999970197678       0.750000000000000       2.394524420532160E-003
  2.197265624999984E-003
  0.562499940395355       0.750000000000000       2.319038183194405E-003
  2.129137644942543E-003
  0.624999940395355       0.750000000000000       2.105253101143765E-003
  1.931190736286175E-003
  0.687499940395355       0.750000000000000       1.773740398513207E-003
  1.622736791659882E-003
  0.749999940395355       0.750000000000000       1.358494994906914E-003
  1.235962306964196E-003
  0.812499940395355       0.750000000000000       9.067637862302910E-004
  8.159283813711334E-004
  0.874999940395355       0.750000000000000       4.787650121755260E-004
  4.205707173241965E-004
  0.937499940395355       0.750000000000000       1.473297276469806E-004
  1.206996205383703E-004
   1.00000000000000       0.750000000000000       0.000000000000000E+000
  0.000000000000000E+000
  0.000000000000000E+000  0.687500000000000       0.000000000000000E+000
  0.000000000000000E+000
  6.249999627470970E-002  0.687500000000000       2.034857189211859E-004
  1.584703392051860E-004
  0.124999992549419       0.687500000000000       6.405438559658506E-004
  5.521810980679839E-004
  0.187499985098839       0.687500000000000       1.200452287026647E-003
  1.071259481238985E-003
  0.249999985098839       0.687500000000000       1.788550967410133E-003
  1.622736325046501E-003
  0.312499970197678       0.687500000000000       2.326795700650981E-003
  2.130545686929152E-003
  0.374999970197678       0.687500000000000       2.754213171966546E-003
  2.535525548186240E-003
  0.437499970197678       0.687500000000000       3.027130483694833E-003
  2.795417009970860E-003
  0.499999970197678       0.687500000000000       3.119360658373259E-003
  2.884864807128885E-003
  0.562499940395355       0.687500000000000       3.022310556573112E-003
  2.795417263867705E-003
  0.624999940395355       0.687500000000000       2.745021161067869E-003
  2.535526031799340E-003
  0.687499940395355       0.687500000000000       2.314128202610445E-003
  2.130546351897197E-003
  0.749999940395355       0.687500000000000       1.773740376297655E-003
  1.622736969864015E-003
  0.812499940395355       0.687500000000000       1.185242368028160E-003
  1.071260136131805E-003
  0.874999940395355       0.687500000000000       6.270097141217269E-004
  5.521816058618465E-004
  0.937499940395355       0.687500000000000       1.937667978347689E-004
  1.584706389446919E-004
  0.999999940395355       0.687500000000000       1.639855590398288E-016
  1.639855590398288E-016
  0.000000000000000E+000  0.625000000000000       0.000000000000000E+000
  0.000000000000000E+000
  6.249999627470970E-002  0.625000000000000       2.386220836615386E-004
  1.885928003764197E-004
  0.124999992549419       0.625000000000000       7.558584088290056E-004
  6.571411415023943E-004
  0.187499985098839       0.625000000000000       1.419030087675890E-003
  1.274887316515817E-003
  0.249999985098839       0.625000000000000       2.115996040078305E-003
  1.931190337245424E-003
  0.312499970197678       0.625000000000000       2.754213136508991E-003
  2.535525445601635E-003
  0.374999970197678       0.625000000000000       3.261380009048355E-003
  3.017484949907592E-003
  0.437499970197678       0.625000000000000       3.585693097790200E-003
  3.326777268064495E-003
  0.499999970197678       0.625000000000000       3.696055061589495E-003
  3.433227539062476E-003
  0.562499940395355       0.625000000000000       3.582194009865397E-003
  3.326777570222724E-003
  0.624999940395355       0.625000000000000       3.254707712614322E-003
  3.017485525447148E-003
  0.687499940395355       0.625000000000000       2.745020868362165E-003
  2.535526236968565E-003
  0.749999940395355       0.625000000000000       2.105252840630649E-003
  1.931191104631555E-003
  0.812499940395355       0.625000000000000       1.408001369840991E-003
  1.274888095892396E-003
  0.874999940395355       0.625000000000000       7.460502135455307E-004
  6.571417458190570E-004
  0.937499940395355       0.625000000000000       2.315533186755620E-004
  1.885931570912036E-004
   1.00000000000000       0.625000000000000       0.000000000000000E+000
  0.000000000000000E+000
  0.000000000000000E+000  0.562500000000000       0.000000000000000E+000
  0.000000000000000E+000
  6.249999627470970E-002  0.562500000000000       2.603678677258473E-004
  2.079235624150027E-004
  0.124999992549419       0.562500000000000       8.286903377501911E-004
  7.244981085063896E-004
  0.187499985098839       0.562500000000000       1.557903446828249E-003
  1.405563266458688E-003
  0.249999985098839       0.562500000000000       2.324669566198435E-003
  2.129137346813080E-003
  0.312499970197678       0.562500000000000       3.027129889743287E-003
  2.795416803775803E-003
  0.374999970197678       0.562500000000000       3.585692454932338E-003
  3.326777157273120E-003
  0.437499970197678       0.562500000000000       3.943308740771281E-003
  3.667771938041105E-003
  0.499999970197678       0.562500000000000       4.065697851894268E-003
  3.785133361816379E-003
  0.562499940395355       0.562500000000000       3.941473879227156E-003
  3.667772271170553E-003
  0.624999940395355       0.562500000000000       3.582192992610359E-003
  3.326777791805481E-003
  0.687499940395355       0.562500000000000       3.022309361836295E-003
  2.795417676257843E-003
  0.749999940395355       0.562500000000000       2.319037205050078E-003
  2.129138192856290E-003
  0.812499940395355       0.562500000000000       1.552123403443797E-003
  1.405564125721366E-003
  0.874999940395355       0.562500000000000       8.235522009280251E-004
  7.244987747655103E-004
  0.937499940395355       0.562500000000000       2.566578564098539E-004
  2.079239556930520E-004
  0.999999940395355       0.562500000000000       2.151598954806878E-016
  2.151598954806878E-016
  0.000000000000000E+000  0.500000000000000       0.000000000000000E+000
  0.000000000000000E+000
  6.249999627470970E-002  0.500000000000000       2.665796261751746E-004
  2.145766973171709E-004
  0.124999992549419       0.500000000000000       8.519882849655349E-004
  7.476805876649462E-004
  0.187499985098839       0.500000000000000       1.603697636580758E-003
  1.450538457902441E-003
  0.249999985098839       0.500000000000000       2.394523047759805E-003
  2.197265450377016E-003
  0.312499970197678       0.500000000000000       3.119358867886697E-003
  2.884864506995639E-003
  0.374999970197678       0.500000000000000       3.696053010340640E-003
  3.433227320783749E-003
  0.437499970197678       0.500000000000000       4.065696319577398E-003
  3.785133247220047E-003
  0.499999970197678       0.500000000000000       4.192854202521828E-003
  3.906249999999972E-003
  0.562499940395355       0.500000000000000       4.065698127216899E-003
  3.785133591008965E-003
  0.624999940395355       0.500000000000000       3.696054211611213E-003
  3.433227975619867E-003
  0.687499940395355       0.500000000000000       3.119359534620190E-003
  2.884865407395345E-003
  0.749999940395355       0.500000000000000       2.394523436427156E-003
  2.197266323491903E-003
  0.812499940395355       0.500000000000000       1.603698341233551E-003
  1.450539344659793E-003
  0.874999940395355       0.500000000000000       8.519889490596892E-004
  7.476812752430159E-004
  0.937499940395355       0.500000000000000       2.665801567957290E-004
  2.145771031793250E-004
   1.00000000000000       0.500000000000000       0.000000000000000E+000
  0.000000000000000E+000
  0.000000000000000E+000  0.437500000000000       0.000000000000000E+000
  0.000000000000000E+000
  6.249999627470970E-002  0.437500000000000       2.566573258485169E-004
  2.079235624150027E-004
  0.124999992549419       0.437500000000000       8.235515476683066E-004
  7.244981085063896E-004
  0.187499985098839       0.437500000000000       1.552122707393210E-003
  1.405563266458688E-003
  0.249999985098839       0.437500000000000       2.319036816950097E-003
  2.129137346813080E-003
  0.312499970197678       0.437500000000000       3.022308725503537E-003
  2.795416803775803E-003
  0.374999970197678       0.437500000000000       3.582191842356805E-003
  3.326777157273120E-003
  0.437499970197678       0.437500000000000       3.941472131743315E-003
  3.667771938041105E-003
  0.499999970197678       0.437500000000000       4.065697805142291E-003
  3.785133361816379E-003
  0.562499940395355       0.437500000000000       3.943310503222717E-003
  3.667772271170553E-003
  0.624999940395355       0.437500000000000       3.585693637800993E-003
  3.326777791805481E-003
  0.687499940395355       0.437500000000000       3.027130546434182E-003
  2.795417676257843E-003
  0.749999940395355       0.437500000000000       2.324669929552650E-003
  2.129138192856290E-003
  0.812499940395355       0.437500000000000       1.557904113950158E-003
  1.405564125721366E-003
  0.874999940395355       0.437500000000000       8.286909644792827E-004
  7.244987747655103E-004
  0.937499940395355       0.437500000000000       2.603683930435367E-004
  2.079239556930520E-004
  0.999999940395355       0.437500000000000       2.151598954806878E-016
  2.151598954806878E-016
  0.000000000000000E+000  0.375000000000000       0.000000000000000E+000
  0.000000000000000E+000
  6.249999627470970E-002  0.375000000000000       2.315528359934239E-004
  1.885928003764197E-004
  0.124999992549419       0.375000000000000       7.460496050296613E-004
  6.571411415023941E-004
  0.187499985098839       0.375000000000000       1.408000726459962E-003
  1.274887316515817E-003
  0.249999985098839       0.375000000000000       2.105252479201858E-003
  1.931190337245424E-003
  0.312499970197678       0.375000000000000       2.745020300093074E-003
  2.535525445601635E-003
  0.374999970197678       0.375000000000000       3.254706677788789E-003
  3.017484949907592E-003
  0.437499970197678       0.375000000000000       3.582192422050192E-003
  3.326777268064495E-003
  0.499999970197678       0.375000000000000       3.696054972973611E-003
  3.433227539062476E-003
  0.562499940395355       0.375000000000000       3.585694714163473E-003
  3.326777570222724E-003
  0.624999940395355       0.375000000000000       3.261381105756108E-003
  3.017485525447148E-003
  0.687499940395355       0.375000000000000       2.754213743579384E-003
  2.535526236968565E-003
  0.749999940395355       0.375000000000000       2.115996355064360E-003
  1.931191104631555E-003
  0.812499940395355       0.375000000000000       1.419030676724590E-003
  1.274888095892396E-003
  0.874999940395355       0.375000000000000       7.558589645853233E-004
  6.571417458190570E-004
  0.937499940395355       0.375000000000000       2.386225337815277E-004
  1.885931570912036E-004
   1.00000000000000       0.375000000000000       0.000000000000000E+000
  0.000000000000000E+000
  0.000000000000000E+000  0.312500000000000       0.000000000000000E+000
  0.000000000000000E+000
  6.249999627470970E-002  0.312500000000000       1.937663894420812E-004
  1.584703392051860E-004
  0.124999992549419       0.312500000000000       6.270091959690301E-004
  5.521810980679841E-004
  0.187499985098839       0.312500000000000       1.185241818731313E-003
  1.071259481238985E-003
  0.249999985098839       0.312500000000000       1.773740065997207E-003
  1.622736325046502E-003
  0.312499970197678       0.312500000000000       2.314127733819488E-003
  2.130545686929152E-003
  0.374999970197678       0.312500000000000       2.745020294575528E-003
  2.535525548186240E-003
  0.437499970197678       0.312500000000000       3.022309211958768E-003
  2.795417009970860E-003
  0.499999970197678       0.312500000000000       3.119360537581327E-003
  2.884864807128885E-003
  0.562499940395355       0.312500000000000       3.027131867613684E-003
  2.795417263867705E-003
  0.624999940395355       0.312500000000000       2.754214122883199E-003
  2.535526031799340E-003
  0.687499940395355       0.312500000000000       2.326796222832199E-003
  2.130546351897197E-003
  0.749999940395355       0.312500000000000       1.788551215785430E-003
  1.622736969864015E-003
  0.812499940395355       0.312500000000000       1.200452764516304E-003
  1.071260136131805E-003
  0.874999940395355       0.312500000000000       6.405443080604618E-004
  5.521816058618465E-004
  0.937499940395355       0.312500000000000       2.034861148751924E-004
  1.584706389446919E-004
  0.999999940395355       0.312500000000000       1.639855590398288E-016
  1.639855590398288E-016
  0.000000000000000E+000  0.250000000000000       0.000000000000000E+000
  0.000000000000000E+000
  6.249999627470970E-002  0.250000000000000       1.473294037408292E-004
  1.206993922409086E-004
  0.124999992549419       0.250000000000000       4.787646040698519E-004
  4.205703305615322E-004
  0.187499985098839       0.250000000000000       9.067633610215021E-004
  8.159278825701228E-004
  0.249999985098839       0.250000000000000       1.358494755227955E-003
  1.235961815837071E-003
  0.312499970197678       0.250000000000000       1.773740050716697E-003
  1.622736285185047E-003
  0.374999970197678       0.250000000000000       2.105252438394279E-003
  1.931190367940859E-003
  0.437499970197678       0.250000000000000       2.319037139754274E-003
  2.129137451561277E-003
  0.499999970197678       0.250000000000000       2.394524281846394E-003
  2.197265624999984E-003
  0.562499940395355       0.250000000000000       2.324671078617056E-003
  2.129137644942543E-003
  0.624999940395355       0.250000000000000       2.115996763694850E-003
  1.931190736286175E-003
  0.687499940395355       0.250000000000000       1.788551305066341E-003
  1.622736791659882E-003
  0.749999940395355       0.250000000000000       1.375817506621189E-003
  1.235962306964196E-003
  0.812499940395355       0.250000000000000       9.245534121369736E-004
  8.159283813711334E-004
  0.874999940395355       0.250000000000000       4.945967830233184E-004
  4.205707173241965E-004
  0.937499940395355       0.250000000000000       1.586228235215626E-004
  1.206996205383703E-004
   1.00000000000000       0.250000000000000       0.000000000000000E+000
  0.000000000000000E+000
  0.000000000000000E+000  0.187500000000000       0.000000000000000E+000
  0.000000000000000E+000
  6.249999627470970E-002  0.187500000000000       9.776175510178458E-005
  7.968045815903732E-005
  0.124999992549419       0.187500000000000       3.183559709085393E-004
  2.776421322847616E-004
  0.187499985098839       0.187500000000000       6.043451440202859E-004
  5.386398912279326E-004
  0.249999985098839       0.187500000000000       9.067635198375952E-004
  8.159279174861915E-004
  0.312499970197678       0.187500000000000       1.185242030026968E-003
  1.071259500766691E-003
  0.374999970197678       0.187500000000000       1.408000955911614E-003
  1.274887391335957E-003
  0.437499970197678       0.187500000000000       1.552123212487415E-003
  1.405563395757249E-003
  0.499999970197678       0.187500000000000       1.603698784940307E-003
  1.450538635253896E-003
  0.562499940395355       0.187500000000000       1.557904822850623E-003
  1.405563523419101E-003
  0.624999940395355       0.187500000000000       1.419030879066616E-003
  1.274887634501420E-003
  0.687499940395355       0.187500000000000       1.200452745367093E-003
  1.071259835119219E-003
  0.749999940395355       0.187500000000000       9.245533442419584E-004
  8.159282417068322E-004
  0.812499940395355       0.187500000000000       6.226027793237979E-004
  5.386402205145372E-004
  0.874999940395355       0.187500000000000       3.345736356501394E-004
  2.776423876085516E-004
  0.937499940395355       0.187500000000000       1.091795128719636E-004
  7.968060887103352E-005
  0.999999940395355       0.187500000000000       8.245356538829079E-017
  8.245356538829079E-017
  0.000000000000000E+000  0.125000000000000       0.000000000000000E+000
  0.000000000000000E+000
  6.249999627470970E-002  0.125000000000000       5.198627051103778E-005
  4.107132097086473E-005
  0.124999992549419       0.125000000000000       1.673344090426725E-004
  1.431107374827436E-004
  0.187499985098839       0.125000000000000       3.183559856235950E-004
  2.776421267078890E-004
  0.249999985098839       0.125000000000000       4.787647060367497E-004
  4.205703401112256E-004
  0.312499970197678       0.125000000000000       6.270093402742743E-004
  5.521810970421340E-004
  0.374999970197678       0.125000000000000       7.460497519372590E-004
  6.571411668687644E-004
  0.437499970197678       0.125000000000000       8.235518473621722E-004
  7.244981606007122E-004
  0.499999970197678       0.125000000000000       8.519889543659606E-004
  7.476806640624947E-004
  0.562499940395355       0.125000000000000       8.286911713141044E-004
  7.244982264040597E-004
  0.624999940395355       0.125000000000000       7.558588912286404E-004
  6.571412922084901E-004
  0.687499940395355       0.125000000000000       6.405441219096433E-004
  5.521812693842653E-004
  0.749999940395355       0.125000000000000       4.945966027524907E-004
  4.205705072308721E-004
  0.812499940395355       0.125000000000000       3.345735356856549E-004
  2.776422964387884E-004
  0.874999940395355       0.125000000000000       1.816652994718362E-004
  1.431108690894835E-004
  0.937499940395355       0.125000000000000       6.164234743088727E-005
  4.107139865541767E-005
   1.00000000000000       0.125000000000000       0.000000000000000E+000
  0.000000000000000E+000
  0.000000000000000E+000  6.250000000000000E-002  0.000000000000000E+000
  0.000000000000000E+000
  6.249999627470970E-002  6.250000000000000E-002  1.810212251866876E-005
  1.178705002352623E-005
  0.124999992549419       6.250000000000000E-002  5.198627800714075E-005
  4.107132134389963E-005
  0.187499985098839       6.250000000000000E-002  9.776177791978581E-005
  7.968045728223855E-005
  0.249999985098839       6.250000000000000E-002  1.473294596469900E-004
  1.206993960778390E-004
  0.312499970197678       6.250000000000000E-002  1.937664770454537E-004
  1.584703403501022E-004
  0.374999970197678       6.250000000000000E-002  2.315529192750882E-004
  1.885928093692245E-004
  0.437499970197678       6.250000000000000E-002  2.566574604938826E-004
  2.079235792540309E-004
  0.499999970197678       6.250000000000000E-002  2.665798995223269E-004
  2.145767211914047E-004
  0.562499940395355       6.250000000000000E-002  2.603682303997227E-004
  2.079235981389202E-004
  0.624999940395355       6.250000000000000E-002  2.386223046396217E-004
  1.885928453404468E-004
  0.687499940395355       6.250000000000000E-002  2.034858394382969E-004
  1.584703898105353E-004
  0.749999940395355       6.250000000000000E-002  1.586226144848785E-004
  1.206994440394722E-004
  0.812499940395355       6.250000000000000E-002  1.091793583261277E-004
  7.968050599327474E-005
  0.874999940395355       6.250000000000000E-002  6.164229541914928E-005
  4.107135911369106E-005
  0.937499940395355       6.250000000000000E-002  2.505047228863260E-005
  1.178707231820022E-005
  0.999999940395355       6.250000000000000E-002  1.219727298643355E-017
  1.219727298643355E-017
  0.000000000000000E+000  0.000000000000000E+000  0.000000000000000E+000
  0.000000000000000E+000
  6.249999627470970E-002  0.000000000000000E+000  0.000000000000000E+000
  0.000000000000000E+000
  0.124999992549419       0.000000000000000E+000  0.000000000000000E+000
  0.000000000000000E+000
  0.187499985098839       0.000000000000000E+000  0.000000000000000E+000
  0.000000000000000E+000
  0.249999985098839       0.000000000000000E+000  0.000000000000000E+000
  0.000000000000000E+000
  0.312499970197678       0.000000000000000E+000  0.000000000000000E+000
  0.000000000000000E+000
  0.374999970197678       0.000000000000000E+000  0.000000000000000E+000
  0.000000000000000E+000
  0.437499970197678       0.000000000000000E+000  0.000000000000000E+000
  0.000000000000000E+000
  0.499999970197678       0.000000000000000E+000  0.000000000000000E+000
  0.000000000000000E+000
  0.562499940395355       0.000000000000000E+000  0.000000000000000E+000
  0.000000000000000E+000
  0.624999940395355       0.000000000000000E+000  0.000000000000000E+000
  0.000000000000000E+000
  0.687499940395355       0.000000000000000E+000  0.000000000000000E+000
  0.000000000000000E+000
  0.749999940395355       0.000000000000000E+000  0.000000000000000E+000
  0.000000000000000E+000
  0.812499940395355       0.000000000000000E+000  0.000000000000000E+000
  0.000000000000000E+000
  0.874999940395355       0.000000000000000E+000  0.000000000000000E+000
  0.000000000000000E+000
  0.937499940395355       0.000000000000000E+000  0.000000000000000E+000
  0.000000000000000E+000
   1.00000000000000       0.000000000000000E+000  0.000000000000000E+000
  0.000000000000000E+000
           1          18           2
          19           2          18
           2          19           3
          20           3          19
           3          20           4
          21           4          20
           4          21           5
          22           5          21
           5          22           6
          23           6          22
           6          23           7
          24           7          23
           7          24           8
          25           8          24
           8          25           9
          26           9          25
           9          26          10
          27          10          26
          10          27          11
          28          11          27
          11          28          12
          29          12          28
          12          29          13
          30          13          29
          13          30          14
          31          14          30
          14          31          15
          32          15          31
          15          32          16
          33          16          32
          16          33          17
          34          17          33
          18          35          19
          36          19          35
          19          36          20
          37          20          36
          20          37          21
          38          21          37
          21          38          22
          39          22          38
          22          39          23
          40          23          39
          23          40          24
          41          24          40
          24          41          25
          42          25          41
          25          42          26
          43          26          42
          26          43          27
          44          27          43
          27          44          28
          45          28          44
          28          45          29
          46          29          45
          29          46          30
          47          30          46
          30          47          31
          48          31          47
          31          48          32
          49          32          48
          32          49          33
          50          33          49
          33          50          34
          51          34          50
          35          52          36
          53          36          52
          36          53          37
          54          37          53
          37          54          38
          55          38          54
          38          55          39
          56          39          55
          39          56          40
          57          40          56
          40          57          41
          58          41          57
          41          58          42
          59          42          58
          42          59          43
          60          43          59
          43          60          44
          61          44          60
          44          61          45
          62          45          61
          45          62          46
          63          46          62
          46          63          47
          64          47          63
          47          64          48
          65          48          64
          48          65          49
          66          49          65
          49          66          50
          67          50          66
          50          67          51
          68          51          67
          52          69          53
          70          53          69
          53          70          54
          71          54          70
          54          71          55
          72          55          71
          55          72          56
          73          56          72
          56          73          57
          74          57          73
          57          74          58
          75          58          74
          58          75          59
          76          59          75
          59          76          60
          77          60          76
          60          77          61
          78          61          77
          61          78          62
          79          62          78
          62          79          63
          80          63          79
          63          80          64
          81          64          80
          64          81          65
          82          65          81
          65          82          66
          83          66          82
          66          83          67
          84          67          83
          67          84          68
          85          68          84
          69          86          70
          87          70          86
          70          87          71
          88          71          87
          71          88          72
          89          72          88
          72          89          73
          90          73          89
          73          90          74
          91          74          90
          74          91          75
          92          75          91
          75          92          76
          93          76          92
          76          93          77
          94          77          93
          77          94          78
          95          78          94
          78          95          79
          96          79          95
          79          96          80
          97          80          96
          80          97          81
          98          81          97
          81          98          82
          99          82          98
          82          99          83
         100          83          99
          83         100          84
         101          84         100
          84         101          85
         102          85         101
          86         103          87
         104          87         103
          87         104          88
         105          88         104
          88         105          89
         106          89         105
          89         106          90
         107          90         106
          90         107          91
         108          91         107
          91         108          92
         109          92         108
          92         109          93
         110          93         109
          93         110          94
         111          94         110
          94         111          95
         112          95         111
          95         112          96
         113          96         112
          96         113          97
         114          97         113
          97         114          98
         115          98         114
          98         115          99
         116          99         115
          99         116         100
         117         100         116
         100         117         101
         118         101         117
         101         118         102
         119         102         118
         103         120         104
         121         104         120
         104         121         105
         122         105         121
         105         122         106
         123         106         122
         106         123         107
         124         107         123
         107         124         108
         125         108         124
         108         125         109
         126         109         125
         109         126         110
         127         110         126
         110         127         111
         128         111         127
         111         128         112
         129         112         128
         112         129         113
         130         113         129
         113         130         114
         131         114         130
         114         131         115
         132         115         131
         115         132         116
         133         116         132
         116         133         117
         134         117         133
         117         134         118
         135         118         134
         118         135         119
         136         119         135
         120         137         121
         138         121         137
         121         138         122
         139         122         138
         122         139         123
         140         123         139
         123         140         124
         141         124         140
         124         141         125
         142         125         141
         125         142         126
         143         126         142
         126         143         127
         144         127         143
         127         144         128
         145         128         144
         128         145         129
         146         129         145
         129         146         130
         147         130         146
         130         147         131
         148         131         147
         131         148         132
         149         132         148
         132         149         133
         150         133         149
         133         150         134
         151         134         150
         134         151         135
         152         135         151
         135         152         136
         153         136         152
         137         154         138
         155         138         154
         138         155         139
         156         139         155
         139         156         140
         157         140         156
         140         157         141
         158         141         157
         141         158         142
         159         142         158
         142         159         143
         160         143         159
         143         160         144
         161         144         160
         144         161         145
         162         145         161
         145         162         146
         163         146         162
         146         163         147
         164         147         163
         147         164         148
         165         148         164
         148         165         149
         166         149         165
         149         166         150
         167         150         166
         150         167         151
         168         151         167
         151         168         152
         169         152         168
         152         169         153
         170         153         169
         154         171         155
         172         155         171
         155         172         156
         173         156         172
         156         173         157
         174         157         173
         157         174         158
         175         158         174
         158         175         159
         176         159         175
         159         176         160
         177         160         176
         160         177         161
         178         161         177
         161         178         162
         179         162         178
         162         179         163
         180         163         179
         163         180         164
         181         164         180
         164         181         165
         182         165         181
         165         182         166
         183         166         182
         166         183         167
         184         167         183
         167         184         168
         185         168         184
         168         185         169
         186         169         185
         169         186         170
         187         170         186
         171         188         172
         189         172         188
         172         189         173
         190         173         189
         173         190         174
         191         174         190
         174         191         175
         192         175         191
         175         192         176
         193         176         192
         176         193         177
         194         177         193
         177         194         178
         195         178         194
         178         195         179
         196         179         195
         179         196         180
         197         180         196
         180         197         181
         198         181         197
         181         198         182
         199         182         198
         182         199         183
         200         183         199
         183         200         184
         201         184         200
         184         201         185
         202         185         201
         185         202         186
         203         186         202
         186         203         187
         204         187         203
         188         205         189
         206         189         205
         189         206         190
         207         190         206
         190         207         191
         208         191         207
         191         208         192
         209         192         208
         192         209         193
         210         193         209
         193         210         194
         211         194         210
         194         211         195
         212         195         211
         195         212         196
         213         196         212
         196         213         197
         214         197         213
         197         214         198
         215         198         214
         198         215         199
         216         199         215
         199         216         200
         217         200         216
         200         217         201
         218         201         217
         201         218         202
         219         202         218
         202         219         203
         220         203         219
         203         220         204
         221         204         220
         205         222         206
         223         206         222
         206         223         207
         224         207         223
         207         224         208
         225         208         224
         208         225         209
         226         209         225
         209         226         210
         227         210         226
         210         227         211
         228         211         227
         211         228         212
         229         212         228
         212         229         213
         230         213         229
         213         230         214
         231         214         230
         214         231         215
         232         215         231
         215         232         216
         233         216         232
         216         233         217
         234         217         233
         217         234         218
         235         218         234
         218         235         219
         236         219         235
         219         236         220
         237         220         236
         220         237         221
         238         221         237
         222         239         223
         240         223         239
         223         240         224
         241         224         240
         224         241         225
         242         225         241
         225         242         226
         243         226         242
         226         243         227
         244         227         243
         227         244         228
         245         228         244
         228         245         229
         246         229         245
         229         246         230
         247         230         246
         230         247         231
         248         231         247
         231         248         232
         249         232         248
         232         249         233
         250         233         249
         233         250         234
         251         234         250
         234         251         235
         252         235         251
         235         252         236
         253         236         252
         236         253         237
         254         237         253
         237         254         238
         255         238         254
         239         256         240
         257         240         256
         240         257         241
         258         241         257
         241         258         242
         259         242         258
         242         259         243
         260         243         259
         243         260         244
         261         244         260
         244         261         245
         262         245         261
         245         262         246
         263         246         262
         246         263         247
         264         247         263
         247         264         248
         265         248         264
         248         265         249
         266         249         265
         249         266         250
         267         250         266
         250         267         251
         268         251         267
         251         268         252
         269         252         268
         252         269         253
         270         253         269
         253         270         254
         271         254         270
         254         271         255
         272         255         271
         256         273         257
         274         257         273
         257         274         258
         275         258         274
         258         275         259
         276         259         275
         259         276         260
         277         260         276
         260         277         261
         278         261         277
         261         278         262
         279         262         278
         262         279         263
         280         263         279
         263         280         264
         281         264         280
         264         281         265
         282         265         281
         265         282         266
         283         266         282
         266         283         267
         284         267         283
         267         284         268
         285         268         284
         268         285         269
         286         269         285
         269         286         270
         287         270         286
         270         287         271
         288         271         287
         271         288         272
         289         272         288
